171
153
136
120
105
91
78
66
55
45
36
28
21
15
171
153
136
120
105
91
78
66
55
45
36
28
21
15
171
153
136
120
105
91
78
66
55
45
36
28
21
15
171
153
136
120
105
91
78
66
55
45
36
28
21
15
171
153
136
120
105
91
78
66
55
45
36
28
21
15
171
153
136
120
105
91
78
66
55
45
36
28
21
15
171
153
136
120
105
91
78
66
55
45
36
28
21
15
171
153
136
120
105
91
78
66
55
45
36
28
21
15
171
153
136
120
105
91
78
66
55
45
36
28
21
15
171
153
136
120
105
91
78
66
55
45
36
28
21
15
171
153
136
120
105
91
78
66
55
45
36
28
21
15
171
153
136
120
105
91
78
66
55
45
36
28
21
15
171
153
136
120
105
91
78
66
55
45
36
28
21
15
171
153
136
120
105
91
78
66
55
45
36
28
21
15
171
153
136
120
105
91
78
66
55
45
36
28
21
15
171
153
136
120
105
91
78
66
55
45
36
28
21
15
171
153
136
120
105
91
78
66
55
45
36
28
21
15
171
153
136
120
105
91
78
66
55
45
36
28
21
15
171
153
136
120
105
91
78
66
55
45
36
28
21
15
171
153
136
120
105
91
78
66
55
45
36
28
21
15
171
153
136
120
105
91
78
66
55
45
36
28
21
15
171
153
136
120
105
91
78
66
55
45
36
28
21
15
171
153
136
120
105
91
78
66
55
45
36
28
21
15
171
153
136
120
105
91
78
66
55
45
36
28
21
15
171
153
136
120
105
91
78
66
55
45
36
28
21
15
171
153
136
120
105
91
78
66
55
45
36
28
21
15
171
153
136
120
105
91
78
66
55
45
36
28
21
15
171
153
136
120
105
91
78
66
55
45
36
28
21
15
171
153
136
120
105
91
78
66
55
45
36
28
21
15
171
153
136
120
105
91
78
66
55
45
36
28
21
15
171
153
136
120
105
91
78
66
55
45
36
28
21
15
171
153
136
120
105
91
78
66
55
45
36
28
21
15
171
153
136
120
105
91
78
66
55
45
36
28
21
15
171
153
136
120
105
91
78
66
55
45
36
28
21
15
171
153
136
120
105
91
78
66
55
45
36
28
21
15
171
153
136
120
105
91
78
66
55
45
36
28
21
15
171
153
136
120
105
91
78
66
55
45
36
28
21
15
171
153
136
120
105
91
78
66
55
45
36
28
21
15
171
153
136
120
105
91
78
66
55
45
36
28
21
15
171
153
136
120
105
91
78
66
55
45
36
28
21
15
171
153
136
120
105
91
78
66
55
45
36
28
21
15
171
153
136
120
105
91
78
66
55
45
36
28
21
15
171
153
136
120
105
91
78
66
55
45
36
28
21
15
171
153
136
120
105
91
78
66
55
45
36
28
21
15
171
153
136
120
105
91
78
66
55
45
36
28
21
15
171
153
136
120
105
91
78
66
55
45
36
28
21
15
171
153
136
120
105
91
78
66
55
45
36
28
21
15
171
153
136
120
105
91
78
66
55
45
36
28
21
15
171
153
136
120
105
91
78
66
55
45
36
28
21
15
171
153
136
120
105
91
78
66
55
45
36
28
21
15
72
60
49
39
30
22
15
52
